# Bundle file v0.3
34 20587
1998.14217416 -0.0174510661565 -0.00915057446992
-0.960343166894 0.147140260524 0.236834848647
0.217061823858 -0.138591716736 0.96626937273
0.175000475496 0.97935799368 0.101157074843
-51.9289038317 20.2721026059 -15.946854193
1998.14217416 -0.0174510661565 -0.00915057446992
-0.969615772321 -0.0133221420661 0.244269880659
0.243922874475 -0.128670711975 0.961220827483
0.0186248590377 0.991597886449 0.128010726953
-12.1417784962 6.0639101847 -24.4759657579
1998.14217416 -0.0174510661565 -0.00915057446992
-0.965045676055 0.125931665348 0.229843552856
0.200802821829 -0.208286876213 0.957232889083
0.16841932749 0.969926694581 0.175718915509
39.087197559 -3.77252620264 25.891900815
1998.14217416 -0.0174510661565 -0.00915057446992
0.993441091697 -0.103624866621 0.0483392629785
0.0640682573785 0.154288413353 -0.985946420401
0.0947103781217 0.98257670058 0.159915514423
30.743339153 1.45621701383 -20.1139235109
1998.14217416 -0.0174510661565 -0.00915057446992
0.980828065434 -0.192638127579 0.0294424499618
0.0681825083148 0.197696398341 -0.977889195995
0.182558077381 0.961148628406 0.207040726663
-34.0609437243 -1.42793913318 -16.7975370695
1998.14217416 -0.0174510661565 -0.00915057446992
-0.973994586621 0.115011803424 0.195209708533
0.172936429078 -0.179267108447 0.968481437781
0.146381476731 0.977054547557 0.1547154626
-21.949772998 4.3438837923 24.144803774
1998.14217416 -0.0174510661565 -0.00915057446992
0.994770799926 -0.101075218078 -0.0146579639038
0.00117401254904 0.15482605839 -0.987941047501
0.102125791599 0.982757697469 0.154135105529
-15.7266761706 0.186214460682 -16.0487181236
1998.14217416 -0.0174510661565 -0.00915057446992
-0.982951111688 0.0564547882281 0.174985624889
0.164339054812 -0.157064784889 0.973818940261
0.0824608215769 0.985973382112 0.145109278377
-24.1868269913 -3.10243258698 25.4229322903
1998.14217416 -0.0174510661565 -0.00915057446992
-0.98487621551 0.0283437551338 0.170925339456
0.166812866335 -0.111479481694 0.979666163949
0.0468220861147 0.993362449817 0.105065387001
16.6912020757 -9.80844427785 30.8092874384
1998.14217416 -0.0174510661565 -0.00915057446992
-0.968912118614 0.0536046222351 0.241528157528
0.233679998797 -0.122356157885 0.96458417403
0.0812586276389 0.991037595201 0.106026036102
-0.4573106788 2.86716483186 -22.7762192053
1998.14217416 -0.0174510661565 -0.00915057446992
-0.98383991995 0.0518618733157 0.171374904842
0.16116369744 -0.160499688012 0.973789562881
0.0780081697064 0.985672458905 0.149547748946
-31.2040127866 -2.19537978541 24.515483831
1998.14217416 -0.0174510661565 -0.00915057446992
0.98113441468 -0.192051976449 0.0221652582336
0.070906505344 0.250816005737 -0.965434409355
0.179854184912 0.948792585136 0.259701949475
14.8809954367 -1.52559325593 -17.2054745255
1998.14217416 -0.0174510661565 -0.00915057446992
-0.981034744231 0.0738414368485 0.179215715871
0.165469412536 -0.16248983898 0.972736822446
0.10094901746 0.983943339035 0.147189678448
-41.0610139109 -0.487095937029 25.1392220946
1998.14217416 -0.0174510661565 -0.00915057446992
-0.982052627752 0.0287569126934 0.186401921389
0.180384529948 -0.145427491815 0.972785827395
0.0550822810048 0.988950901004 0.137630148305
-53.0860020511 20.612902267 -14.4626188494
1998.14217416 -0.0174510661565 -0.00915057446992
-0.931304719577 0.233436024146 0.279605332431
0.246321340616 -0.161860726531 0.955576738082
0.268323156754 0.958805886422 0.0932413841173
23.2130619332 -2.03162773972 23.1225542244
1998.14217416 -0.0174510661565 -0.00915057446992
-0.962758580226 0.123782618081 0.240361768305
0.22246396507 -0.142523503955 0.964467124927
0.153641467213 0.982020831898 0.109678554292
62.8335077025 -10.0356385925 -20.2198851498
1998.14217416 -0.0174510661565 -0.00915057446992
-0.944731268607 0.15351495504 0.289682565398
0.259016917429 -0.192171689255 0.946562347833
0.200980264211 0.969279732806 0.141787633346
-28.6900632159 11.7686506282 -21.7122013406
1998.14217416 -0.0174510661565 -0.00915057446992
-0.988274523136 0.0474712100416 0.145120471119
0.136802702035 -0.146820238378 0.979657510724
0.0678121496235 0.988023431817 0.138604511267
-16.9303184361 -5.1850237938 26.3094475678
1998.14217416 -0.0174510661565 -0.00915057446992
0.963858220504 -0.2663436695 0.00619519856884
0.0657862535646 0.215408177251 -0.974305643017
0.258165643744 0.939500062209 0.225144694584
-65.311276389 -2.71573400982 -21.7232371784
1998.14217416 -0.0174510661565 -0.00915057446992
-0.968888754377 0.048367303849 0.242724505478
0.232535945277 -0.157903646781 0.959684048261
0.0847444145395 0.986269254439 0.14174393092
53.7718270043 -8.7449968464 -16.3019419109
1998.14217416 -0.0174510661565 -0.00915057446992
-0.972421559621 -0.0269152654397 0.231671920764
0.233211408086 -0.0996126836729 0.967310577007
-0.00295795918388 0.994662194787 0.103142468167
-37.7342187583 13.6232284165 -29.7153450131
1998.14217416 -0.0174510661565 -0.00915057446992
0.982204768582 -0.187579281714 0.00937046676456
0.0389527685611 0.154649590516 -0.987201188196
0.183729350941 0.969998720218 0.159204297611
4.94542069346 0.31911407246 -17.3205295647
1998.14217416 -0.0174510661565 -0.00915057446992
-0.964711423163 0.0789871156932 0.251183012113
0.238157843233 -0.145126168784 0.96032246503
0.11230632986 0.986255256355 0.121193471709
14.6143797964 -1.07568461546 -20.9383953501
1998.14217416 -0.0174510661565 -0.00915057446992
-0.938217620137 0.228862492381 0.259556654406
0.229920207789 -0.148290713916 0.961845394134
0.25862017577 0.962097616538 0.0865088488952
-13.5482668487 4.33873669562 26.2186990803
1998.14217416 -0.0174510661565 -0.00915057446992
-0.966402080305 0.10128939093 0.236236065129
0.216737422601 -0.17294465895 0.960788756483
0.138173473672 0.97970944888 0.14518087666
25.727292647 -2.75082395013 -21.3068341731
1998.14217416 -0.0174510661565 -0.00915057446992
-0.984331812764 0.0506944498746 0.168881482505
0.156881946846 -0.185428893882 0.970053699579
0.0804918451471 0.981349172347 0.174570515263
24.5735254604 -11.0557339419 30.269111894
1998.14217416 -0.0174510661565 -0.00915057446992
0.992584850238 -0.120018430711 0.0192585401421
0.0350220027526 0.130652990335 -0.990809394101
0.116399202755 0.984136866704 0.133887464655
48.825787746 1.62872945304 -20.6124710724
1998.14217416 -0.0174510661565 -0.00915057446992
-0.972201889743 0.0166608389651 0.233550641243
0.228303468793 -0.153947341695 0.961341636528
0.0519712585672 0.987938577256 0.145864169188
38.0119174356 -4.98257705299 -17.2240691406
1998.14217416 -0.0174510661565 -0.00915057446992
-0.97072079722 0.0964742297567 0.219986037826
0.19880028156 -0.191391938592 0.961169898558
0.134831679871 0.97676089645 0.166609031173
2.7335524356 0.306934915188 25.4232649227
1998.14217416 -0.0174510661565 -0.00915057446992
-0.971703411019 0.0734982580367 0.224478255251
0.21246286932 -0.143286331742 0.966606722662
0.103208576073 0.986948343735 0.123616166514
-33.0081291721 7.65269812793 22.1635704338
1998.14217416 -0.0174510661565 -0.00915057446992
0.970402805393 -0.241272679883 0.0102902491535
0.0551847098993 0.180067179527 -0.982105115886
0.235102197096 0.953605424061 0.188052259019
-52.7963641207 -1.53734864374 -19.4559183854
1998.14217416 -0.0174510661565 -0.00915057446992
0.974520270413 -0.224296360768 0.001176902893
0.0367956359774 0.154688925522 -0.987277781323
0.221260759574 0.962165515318 0.159000620772
-2.10919891405 -1.0279867441 -17.2401494839
1998.14217416 -0.0174510661565 -0.00915057446992
-0.98744382929 0.0261073822747 0.155798230377
0.149744748625 -0.159409159277 0.97578954196
0.0503109755128 0.986867328737 0.153498147265
3.8788553014 -9.74216233533 29.2183270428
1998.14217416 -0.0174510661565 -0.00915057446992
-0.987753252068 0.043650434532 0.149793700116
0.142725213987 -0.135069592617 0.980502788595
0.0630319468332 0.989874155999 0.127185411754
-9.67635084486 -6.19974605139 27.2085383427
-42.1826080979 -82.2038658223 23.0707199753
123 123 125
12 31 1176 -482.6856 -744.1608 0 2853 -353.9328 878.076 20 2958 197.78352 628.6056 16 2722 98.406 720.9192 1 2862 680.1576 548.6352 33 3611 1169.232 784.9728 21 1201 -410.0208 -725.6136 22 3129 1042.5192 438.2688 26 1284 332.9616 -645.3432 3 1293 -30.44088 -722.0136 17 3734 878.6568 861.2136 9 3047 786.108 479.5248
-22.5364443029 -77.1902567834 2.06385751977
144 149 143
13 13 87 -714.4368 642.9912 0 108 -861.2304 582.1008 20 148 -250.9392 339.3816 7 100 -226.80648 281.7768 33 42 378.3984 126.62616 29 60 -579.5664 564.1992 22 141 621.1752 136.22448 26 4730 720.132 -225.0924 3 4743 333.5376 -282.2712 1 139 219.54024 248.5872 9 134 347.484 181.7832 16 155 -368.4816 450.2472 10 85 -477.2736 319.02
19.4349551477 -78.701348052 -67.7279959999
91 96 76
2 11 628 889.2312 850.9464 1 4135 -832.668 -790.8264
-66.1666170494 -74.8050873743 -18.1565046114
82 105 119
4 16 59 310.5096 -145.77576 20 61 462.6096 -218.31744 9 80 1051.1304 -404.3112 1 69 943.7112 -351.5112
-46.6606372493 -79.4747743705 -15.5279525758
193 196 203
9 7 4222 488.6616 -453.0912 33 4204 1074.4104 -614.8824 29 3798 96.00552 -183.48936 23 3844 250.2576 -298.7616 12 4111 -130.5792 -342.8664 22 3364 923.6928 -292.872 1 3500 571.4352 -188.68704 5 3493 362.7168 -143.68032 10 4219 264.1512 -403.3128
14.1341096867 -84.9116811653 15.7618067491
103 89 80
2 19 1687 819.0576 475.0128 30 3106 -390.4056 -667.4544
-55.9013101863 -71.4399358724 -5.03497334402
190 159 139
3 13 18 -28.37256 357.4656 20 29 345.3672 58.48632 0 22 -206.41056 273.6384
-69.7466383119 -76.633420277 -14.0906524539
227 228 233
14 31 989 -969.6552 -30.84336 11 1193 -733.8816 -229.31736 0 3930 9.357912 42.9864 26 1228 -216.49368 60.45648 20 3809 538.7232 -159.23424 29 4318 828.276 -312.924 23 4108 912.5088 -414.6312 21 1177 -920.6784 -9.582456 12 4284 642.72 -444.3864 10 4283 1048.8288 -504.9072 1 3955 1019.304 -283.0104 5 4115 1082.4288 -242.172 16 3862 381.5832 -85.6608 9 3980 1117.9032 -333.7872
-26.4717652448 -85.7191416633 19.4822971005
138 147 152
3 7 2371 14.271984 851.2368 10 2343 -211.32912 883.152 17 2281 276.6456 792.9432
-111.432970631 -73.9385141196 4.47315656798
197 210 218
2 13 4067 1172.3496 332.5032 26 994 -992.4168 -307.4976
-58.5475608027 -72.522456852 -35.0879484534
194 195 197
12 31 2652 -810.4488 379.4904 13 3589 -87.23712 -284.1384 11 2520 -555.5256 188.57304 0 3464 -291.264 -322.1664 16 3464 97.134 -414.3048 20 3773 247.0872 -505.0176 21 2597 -753.4992 408.828 22 3546 1082.2032 -736.4208 26 2391 -24.34032 481.3752 3 2564 -420.0528 411.192 1 3673 721.0488 -637.9104 9 3452 843.6 -691.9176
8.93009459315 -96.4891764654 17.0498043036
91 100 107
2 33 1341 -611.148 753.9864 17 1531 -836.988 807.084
31.2464735838 -95.1008038981 -0.597949732346
111 98 90
8 24 3019 -257.844 362.004 4 2869 289.4376 -338.6472 18 2615 -190.84128 -396.3672 27 3005 108.83904 297.4464 19 3265 349.104 242.0664 15 3310 381.8016 183.07176 30 2670 9.562872 -314.8392 2 3458 -103.44792 707.7936
2.00651384536 -90.0872284636 8.30013207389
69 79 81
4 31 3387 391.4952 -449.1264 21 3666 461.5968 -419.904 32 1219 28.68144 446.8344 9 1781 -94.82376 403.032
21.5512921029 -92.1322661321 10.3535346995
143 136 143
3 19 1307 594.252 399.2832 18 3194 -395.4384 -619.812 30 3161 -190.18008 -538.368
42.1945368805 -91.5908550188 -18.1847697718
107 96 74
2 8 1318 -1010.2008 -343.7712 25 1192 -827.3832 -169.8564
46.2300803323 -78.7391363282 -38.2126107268
41 33 10
4 19 4209 -84.36024 -464.7504 18 789 0.4956048 445.3008 15 4252 -12.144168 -534.8088 30 779 235.13736 535.9776
-49.8218999404 -78.7057604763 17.419249571
184 184 194
16 31 4623 -647.9952 -634.464 13 117 -70.12128 858.9912 11 4676 -382.0128 -859.6848 26 4734 179.87592 -541.5648 0 170 -230.8104 740.7312 7 61 864.1392 665.6688 20 172 315.828 503.4408 29 65 460.9224 854.8632 23 87 644.328 695.3568 21 4651 -578.1408 -617.1024 12 80 188.46864 764.7648 3 4803 -195.97488 -621.4992 1 148 814.2288 410.2896 9 166 922.5912 341.8248 16 152 214.08696 578.0544 10 73 612.6288 709.8792
21.7943760789 -91.7528696747 6.49333949403
143 147 156
4 8 4449 -213.8904 355.38 25 4461 -14.430408 549.516 14 4420 -568.74 829.8696 22 4009 -221.19408 437.148
31.1675458864 -93.6195879796 6.51902852049
81 87 87
16 31 3554 983.6064 -419.4168 24 1107 -228.32016 491.0736 25 690 -336.792 602.0496 4 3805 294.6192 -481.968 18 3994 -206.02824 -539.9784 30 3635 2.0351568 -457.6032 21 3339 1040.2104 -384.2952 22 1276 -388.392 479.8392 27 1038 143.20776 426.5616 19 1024 391.704 371.8584 6 3550 472.5744 -396.9528 9 1500 -604.0224 494.5944 1 1634 -679.2288 548.2968 32 1005 -928.7736 529.9368 8 680 -517.1664 405.2904 15 899 426.4392 310.128
-46.55474235 -74.0726229174 -35.7472269694
184 176 174
14 31 2661 -590.5968 401.8944 24 2997 1027.2504 -650.4792 11 2610 -330.5448 211.4976 0 3030 -529.26 -279.72 26 2661 207.27792 495.876 29 3430 -41.58432 -864.5496 22 3076 856.3152 -688.1328 21 2606 -525.2208 430.8504 6 2493 -1083.2352 475.1328 3 2698 -185.69808 433.0032 1 3172 486.7776 -580.7064 5 3044 258.1056 -823.14 16 3040 -118.39128 -365.7408 9 3130 614.7048 -642.2304
-54.523021236 -67.6097939229 -57.1157736431
83 79 78
7 31 297 -769.9632 821.9064 13 4640 -262.008 -755.8608 11 283 -505.38 616.3632 16 4410 -79.2912 -814.0416 21 224 -711.0216 857.016 0 4632 -471.0936 -764.5032 3 187 -379.3272 864.6864
-49.4255324529 -72.255035239 -0.824728230141
66 66 54
5 7 2939 803.5008 -27.52824 12 2940 76.40208 90.606 10 2937 533.0496 24.87864 29 2830 350.292 247.668 17 2863 1158.4056 -90.0444
70.9072457294 -99.9658569331 -7.94506649656
127 125 126
3 4 158 1065.5448 -168.37608 18 147 595.212 -237.5892 30 148 801.6816 -156.6648
-29.5888742075 -80.5372863368 3.25490883957
197 186 180
3 13 3292 -535.3728 630.5568 12 3386 -613.704 382.4808 0 3556 -691.2672 562.2936
-10.5048688742 -89.8758599236 -2.12677034648
122 90 93
2 11 2523 414.4224 -432.6816 33 2483 -112.77648 75.06408
-71.5297554562 -72.4716214673 -5.52608971578
227 227 229
2 13 3812 309.7872 283.3704 26 1071 -267.5424 -95.6172
21.1857878196 -92.4919755529 9.81167260821
219 217 218
11 24 480 -32.66976 507.2016 4 4114 96.00504 -555.552 18 4402 -399.012 -607.4736 22 361 -195.63096 493.4472 27 646 342.0624 443.5464 19 478 594.6792 386.1456 6 4406 280.4064 -458.5896 25 219 23.346432 661.6776 30 4041 -194.66136 -525.948 8 175 -172.84656 462.5328 15 464 622.392 323.9232
-35.9921089879 -73.0878508724 -5.23001324842
166 162 153
2 7 3214 243.9048 -104.43168 10 3284 -18.760752 -53.0064
70.1901462191 -102.87171898 4.01990772461
57 64 57
3 24 4399 -915.4992 602.316 6 353 1168.1304 -362.4912 22 4466 -1048.788 596.4672
38.1566941209 -101.249055283 17.6784792955
152 148 113
5 31 4241 1106.4912 -632.16 4 4391 450.7944 -694.0368 18 4394 -28.59096 -757.5072 6 4220 587.8632 -602.0064 22 690 -450.336 689.1552
-37.0899318248 -80.8777524739 19.7883445175
81 98 43
7 16 1695 -5.41944 693.8904 20 1626 93.9684 594.7512 0 1242 -469.9176 847.368 26 3938 431.8632 -583.2 10 862 161.44008 870.624 1 1675 575.5872 513.2376 3 3738 63.6684 -655.152
16.2659691348 -84.5807171369 22.7027590522
92 106 53
2 31 196 711.5136 -780.3624 21 197 792.3264 -740.0592
12.721569807 -84.0450580937 17.1306287844
95 109 73
5 27 1871 579.1248 560.6952 19 1943 862.2168 497.148 15 1834 890.3184 427.824 4 3458 -106.52808 -736.9872 30 3389 -427.5168 -700.1784
-70.463466319 -69.7409213712 -38.9055605377
126 128 143
7 31 3984 -1033.128 445.2 16 1205 290.8008 -546.204 21 3761 -983.5872 475.932 26 3831 -262.3896 556.3608 9 1081 1061.8008 -833.3232 1 1244 942.3408 -789.3384 3 3822 -664.4616 479.628
-28.5214755637 -73.4747447296 -8.36131953617
137 133 121
8 31 2674 -280.5336 -106.8228 11 2595 17.61816 -291.6096 16 2605 -308.6256 213.44448 21 2605 -195.34512 -78.4584 23 2944 -218.66088 24.95232 9 2673 429.3984 -57.11208 1 2741 291.8688 11.526552 5 2700 -159.33312 169.97232
-26.1489031889 -85.6196165254 16.5833935545
165 166 171
4 7 874 -13.512096 753.1296 10 938 -237.87192 786.5496 23 949 -140.1576 872.1384 17 873 250.9896 693.2544
46.7843570774 -79.7666104533 -68.0375796102
153 165 163
2 24 3207 -841.0752 -851.1864 22 3024 -1039.6488 -843.1176
-30.4206013888 -73.9722818444 -7.0919355677
115 111 102
3 29 2448 -381.4512 179.2356 23 2555 -141.08688 55.8048 10 2681 -243.864 -81.85464
-7.97898376963 -74.1172155107 -48.7604243638
60 63 8
2 18 1175 -1018.104 537.4872 30 1086 -847.4496 639.852
23.1835214819 -89.7709277087 2.43550917059
234 233 231
9 24 2742 -97.27872 381.7224 4 2553 122.85528 -402.5928 18 1859 -381.6912 -458.3448 25 2977 -85.54176 416.7408 27 2932 279.0696 316.5624 19 3346 536.6928 257.3592 15 3496 572.3568 197.66976 30 2012 -173.4168 -376.812 2 3267 208.5768 767.7336
57.403430392 -96.8585746583 -10.8353720804
174 179 185
7 24 4623 -765.3384 290.0664 18 184 311.8656 -185.51832 27 4552 -393.2208 227.616 4 171 795.1512 -120.67704 6 207 954.7104 -77.14704 30 192 519.48 -104.39232 2 4731 -1020.7608 572.9568
-33.9081355192 -74.4477206261 -4.34541812631
45 43 44
11 31 98 -375.7656 -196.04976 24 4764 993.4392 -23.184576 28 4711 1040.94 147.38232 33 4831 805.9944 -219.34104 21 174 -300.7008 -164.59704 23 4635 7.99464 123.57456 4 81 -1101.8064 -303.1656 6 118 -891.8184 -153.34824 22 4744 813.2712 -47.77464 17 4797 493.2336 -132.75 9 4514 549.6576 -3.341376
-49.6141828582 -77.6984500466 11.876232448
132 140 142
3 12 4340 146.26464 566.628 29 4250 416.1912 675.0768 10 4197 574.6032 508.9728
-3.65212439219 -85.4638811009 -5.52118764974
47 58 26
2 33 1276 -363.7368 -19.651728 17 1196 -613.224 48.4548
-36.3429566184 -75.3239709726 2.49632521786
122 118 115
2 7 1630 299.5776 201.64776 12 1614 -401.772 311.3424
-36.7199904001 -74.0442699029 -3.37226837097
173 168 162
4 7 1642 279.3312 -30.30312 12 1433 -427.1712 83.83008 29 1503 -128.01672 260.9016 17 1279 614.7672 -106.0368
-98.6559087942 -76.4500788152 19.4197446392
36 42 42
5 13 3391 965.2488 698.9112 16 2872 1028.7864 336.6216 26 1328 -749.5416 -590.7432 3 1225 -1139.5896 -703.7832 0 3384 677.484 528.3648
-3.22668963924 -85.9165824529 7.32138154613
45 47 25
2 31 985 281.5992 -432.6144 32 4247 218.23704 389.1696
35.5378287913 -92.1323565001 -11.0175765249
203 181 168
2 8 853 -754.6296 -145.06848 32 1551 -1138.3848 -16.286856
-49.2260980525 -78.9388991799 16.7389580355
199 205 195
11 13 2076 -82.536 847.5576 26 2814 191.4228 -527.9592 11 2355 -368.5752 -843.96 7 2785 834.2424 643.5864 20 2609 302.7408 492.7224 29 2553 432.576 835.1064 23 2866 617.4072 679.3176 12 2651 159.56136 742.596 3 2590 -182.80632 -606.6408 17 2756 1141.0728 601.0776 10 2689 583.0944 688.3176
16.6831726931 -79.6173193941 -34.8694800137
110 93 75
6 4 3101 -69.81744 372.1224 18 3177 -563.1528 302.5152 27 2552 246.8136 -445.296 19 2789 512.3592 -521.484 15 2629 569.616 -571.5528 30 2799 -361.3944 393.9216
68.8158195122 -99.7929685914 -9.26636506057
57 54 49
9 24 2342 -952.3632 363.1512 4 3208 1022.0592 -145.8168 18 4423 550.3032 -215.51592 22 2446 -1092.6984 363.3408 27 1978 -574.5624 299.916 19 1491 -361.0032 256.8792 6 3139 1149.4848 -110.65488 30 3840 755.6688 -132.39528 15 1017 -329.3808 196.58232
-4.87846979654 -85.4925552035 -15.1708110224
154 147 139
3 19 3589 976.0104 -211.67976 18 1362 -883.4976 -125.634 2 4109 970.6416 -48.26352
-3.6455447755 -72.0165447345 -53.2464103211
44 53 34
3 31 4664 216.97944 837.7224 21 4680 295.5744 859.5552 9 238 -272.316 -805.1376
-53.5566923464 -82.232622432 29.9813749779
206 192 191
4 31 4524 -687.3864 -871.7064 9 408 1021.14 550.2888 21 4490 -621.5784 -858.9096 1 763 926.8128 621.6048
95.7643019015 -85.0595865092 -14.0787657386
118 89 83
2 19 2607 -983.4648 283.6704 15 2041 -950.1024 215.80272
22.0088332352 -91.7693523869 -3.88917572248
207 207 215
5 24 1991 -104.6352 262.4568 4 3233 99.72984 -277.3512 2 1713 179.0292 533.3064 14 2132 -665.0928 486.4416 22 2133 -270.036 252.0
-0.762420237391 -70.3325900074 -42.5937808786
127 99 62
3 24 15 193.4496 -652.9536 22 10 -18.932016 -663.6864 27 21 589.3848 -759.7104
-2.14915074044 -81.3399132777 -33.0013155326
54 45 40
4 24 522 223.22352 -391.1112 6 2970 -179.78856 401.4792 14 260 -102.2484 -712.0176 22 543 37.17744 -406.6032
0.435135294291 -85.7944918506 -15.7364584566
49 53 52
2 8 4160 396.2592 -553.8936 25 4064 603.3 -364.716
25.5065395087 -89.9447765999 15.0962966612
218 218 220
3 31 4508 889.4712 -601.3272 8 143 -300.1128 687.9816 9 353 -486.96 632.688
27.4759143685 -76.0796222245 -53.6685092699
206 210 219
9 24 143 -423.1584 -701.3208 11 4674 1111.824 664.38 18 4816 -383.556 710.1192 30 4742 -173.7912 812.364 22 155 -627.9864 -701.1648 27 150 -50.93496 -777.6288 4 4785 123.67152 786.8208 9 211 -862.296 -649.8024 1 227 -951.528 -543.492
25.3593275724 -90.5878779279 6.58180156726
145 157 169
13 31 158 872.8488 -421.9128 24 4649 -119.40336 468.9984 25 4724 -138.94848 579.0792 4 136 172.51464 -488.6256 18 120 -334.9608 -542.3616 22 4625 -285.2088 458.0208 27 4607 257.6664 403.1856 19 4737 513.7368 345.1272 6 186 364.8192 -399.1272 32 4730 -775.644 513.7488 30 135 -125.90424 -461.0496 8 4769 -337.9248 382.968 15 4712 548.4528 282.3072
-0.891979947286 -84.6334045755 9.43826941102
78 103 37
10 31 110 329.0904 -478.9032 24 4713 392.2944 402.7344 25 4736 880.7616 530.4192 22 4731 215.73936 387.5208 27 4653 792.9984 338.8632 6 121 -166.56072 -450.2424 14 4764 244.7112 711.06 32 4781 152.14248 484.6032 8 4796 639.9528 332.8344 9 4614 -35.42784 417.6312
21.0080034013 -76.1821908679 -47.4887770532
127 129 141
6 31 4811 756.7944 734.8968 11 4791 994.2192 539.4912 22 19 -471.696 -614.8728 27 19 105.64056 -691.6296 6 4815 280.7616 735.5592 9 27 -710.1936 -565.1808
-27.9413972581 -75.0393384115 0.00213682134881
56 48 46
12 0 1987 -760.5504 517.5 7 1943 -38.27064 160.0968 17 2002 286.0872 80.13408 20 2107 -162.1872 280.6944 29 1626 -413.6832 455.5008 23 1523 -170.14248 342.7008 12 1890 -741.9096 271.1208 3 1767 222.07056 -243.4776 1 2137 320.4672 180.37416 5 1802 -126.5448 488.1024 16 2006 -274.1736 378.2688 10 1945 -294.6504 205.43568
-33.0190277994 -70.573989554 -56.4829804083
107 103 91
5 31 1049 -362.6256 835.5984 11 1076 -99.08136 628.3896 16 3737 -469.6152 -695.9112 3 984 48.77688 865.404 21 1107 -292.548 865.9824
-13.8373558916 -83.4433508796 14.5615447186
220 218 229
4 7 4078 -454.0104 780.6072 20 3513 -332.9448 588.1248 10 3878 -682.2456 811.0944 1 3364 112.41912 519.2784
-66.5512260641 -65.9222403529 -57.2682272051
80 78 81
4 13 4293 -6.4878 -819.9936 11 1277 -729.708 603.7416 16 4077 137.21208 -873.324 0 4150 -229.73928 -822.2544
-67.0397688981 -79.9630185126 16.5725494981
76 75 29
2 29 4446 965.16 672.2328 1 3879 1117.5384 307.2672
11.0611436181 -86.2026746099 8.58257217598
105 94 64
2 15 4110 848.3544 253.1736 30 616 -433.4952 -508.8528
-79.9220368063 -77.3235439507 31.186727783
71 74 17
2 26 3927 -402.5952 -824.5344 20 1062 948.4056 631.4256
-23.8028305284 -85.7435231024 14.8040342594
141 141 149
8 7 4615 -102.07848 706.6656 28 4470 700.212 877.2504 33 4616 428.9352 576.6936 23 4429 -227.53944 840.3864 12 4592 -716.028 798.3672 10 4573 -324.1296 740.0832 17 4636 161.32344 643.3992 32 4569 1001.6856 539.5728
-22.6719036207 -84.0454453761 -10.4996549397
150 149 147
2 14 1406 672.5208 -126.3984 28 1387 465.2856 59.55648
2.17581186112 -77.7170233847 -40.4769316396
68 64 55
2 19 2416 768.216 -702.2688 15 1760 816.5904 -740.148
6.74815710604 -90.4651228966 0.235794613759
188 188 190
2 31 2954 480.7104 -292.2912 6 3165 2.494872 -268.2672
-48.985116864 -80.1707373225 -9.89726693812
164 173 180
3 13 2186 -185.69856 283.0176 20 2498 176.24016 10.319208 0 2247 -365.4216 214.29432
18.848680793 -96.721361915 13.0922592148
51 37 37
6 31 1216 725.736 -538.872 21 1141 784.848 -507.0456 25 4070 109.04184 739.5288 6 1087 234.9396 -511.0848 22 3026 -140.8764 531.6144 8 3679 -75.64992 537.6912
4.93647671624 -90.5112885563 6.32795728989
163 177 188
9 24 4122 245.568 368.9352 25 4592 565.0152 445.2024 22 3798 77.826 352.8192 27 4247 626.0808 306.816 4 1374 -224.60664 -490.9032 6 1459 -33.40488 -380.7168 14 4626 -16.44324 647.4888 30 792 -500.028 -460.6632 8 4397 355.8624 245.8488
-9.07177758646 -83.049752116 -14.4173721668
163 128 126
11 11 4595 422.4168 -178.17912 7 42 -759.5328 -189.3876 1 189 -101.77512 12.384648 33 75 -232.32504 -349.2384 23 52 -965.9784 21.150744 3 4797 561.36 45.47856 28 69 18.70824 26.64816 5 48 -837.3288 117.57984 16 115 -691.8288 216.15432 17 49 -485.3568 -280.3368 10 41 -957.9984 -150.9372
61.533975435 -93.0005502423 -27.3681056768
238 233 239
5 19 3808 -317.196 -112.16592 18 810 374.2416 161.04336 15 3973 -275.064 -179.65992 27 3840 -539.3088 -52.2948 30 937 587.6112 243.2856
-28.866022282 -75.0248739968 -0.256288640189
104 86 86
2 5 2298 -93.66696 470.7408 28 2336 900.6648 331.7304
62.2140363703 -100.191876062 -5.06067679406
204 204 206
6 24 2592 -816.1992 413.3976 18 2793 419.6976 -303.2712 27 2615 -443.976 349.0224 4 2751 892.5024 -236.05104 15 2708 -193.58304 243.2136 2 2953 -1115.5344 787.9416
-56.6148181387 -66.5623425638 -3.39421059637
151 126 121
6 16 397 278.016 137.7756 20 336 380.676 80.6928 0 310 -177.45456 305.0232 9 384 1059.9648 -118.10352 1 360 925.1712 -53.7444 3 4468 -409.896 -196.4784
6.07928427288 -91.9899994489 5.61435368289
149 149 149
3 6 1419 -9.344352 -370.2648 25 4276 506.4216 423.4344 27 3500 594.7512 298.3872
59.7715207784 -96.2181076485 -13.4302096947
48 41 33
10 24 2358 -819.9624 253.5312 4 2101 840.576 -65.32272 18 2103 356.8416 -128.5332 22 2332 -970.308 254.2848 27 2264 -445.56 191.7432 19 2294 -221.98824 139.59048 6 2088 1001.0736 -28.914 30 2085 565.968 -47.91576 2 2205 -1123.4328 505.5936 15 2183 -182.9244 77.37768
-22.7929589608 -87.3859170874 1.22236412609
114 109 105
2 14 1052 727.8408 228.59928 30 3454 -992.0928 -364.5096
-30.9182702649 -74.1363058815 0.00357769931518
53 48 44
2 7 2334 80.27352 137.5164 17 2293 411.576 60.28536
-68.1406202338 -75.093255338 -0.397679626239
169 176 186
2 20 3712 582.4992 91.93272 0 3615 46.9128 305.6688
-17.4284396262 -85.5187714272 -4.34204212283
122 119 68
23 11 891 274.4808 -387.5184 14 4233 570.048 105.28344 28 4112 341.9976 296.268 22 3768 437.4816 56.85288 6 1004 -474.1056 -169.08336 10 4268 -620.8104 145.3968 1 3589 88.9044 157.98144 32 4291 639.8592 -103.716 8 4366 1097.5416 -270.0336 24 3725 607.3752 76.06944 16 3616 -488.1072 360.0648 33 4348 107.4852 -44.46264 21 932 74.62128 -175.1688 27 3693 1010.4552 -1.6755984 4 1164 -672.7848 -295.5888 26 908 773.8608 -108.68544 23 4079 -585.7152 289.1328 17 4387 -146.42784 26.43504 5 4072 -498.7296 396.8616 31 965 2.2771008 -201.29664 7 4356 -414.2064 107.0064 9 3647 198.16464 93.95568 3 992 413.82 -158.64888
63.4676585858 -101.389729168 0.091110459347
176 171 168
9 24 3413 -816.2352 507.0984 4 1023 923.3088 -336.2736 18 997 453.1272 -406.9176 22 3524 -953.4096 501.3096 27 3564 -443.9016 440.9856 19 3756 -226.97976 398.8896 15 3714 -196.47432 339.6768 9 3355 -1131.9 503.4024 30 969 654.4584 -323.6616
-4.28090702298 -85.9083593704 -9.79289160744
53 40 34
10 31 3212 252.7056 -91.77192 24 808 351.6672 34.31664 25 710 808.4976 -189.3804 22 976 177.32568 19.274784 4 3527 -429.2736 -175.73256 6 3485 -217.90728 -64.62552 14 494 144.9768 48.20832 28 665 -116.12208 215.56368 8 730 598.452 -376.4856 9 1662 -59.29536 54.90312
-114.196887211 -81.1702122074 19.5034207368
66 78 56
2 26 4708 -972.0744 -577.032 0 197 882.7584 448.1232
-16.3780121792 -88.4395154041 17.7409302059
173 83 93
3 7 641 -328.8768 834.6936 3 3580 460.164 -579.6792 10 641 -539.6016 863.232
-44.8757010434 -76.7659468257 -8.35284099756
141 137 136
3 31 2588 -557.688 -121.35456 5 2681 384.0864 75.97752 6 2622 -1071.3072 -74.208
-58.9648714858 -74.5234395029 -7.8344984103
119 102 92
12 13 1434 25.71768 284.8296 11 3360 -570.7152 -333.6792 0 1332 -161.79792 204.82752 16 1236 250.1688 65.22072 20 1303 379.548 -4.568472 21 3369 -764.5992 -113.51544 23 638 736.488 -183.34128 26 3522 -17.48364 -44.06064 3 3472 -407.8104 -119.48136 1 1256 874.9824 -125.082 5 728 863.2176 -2.43048 9 1317 988.0224 -183.22368
37.4557393138 -100.476448947 14.9321135258
76 76 68
13 31 3799 1091.8464 -579.9744 24 1079 -303.8016 657.9552 25 579 -473.4912 882.0 4 4008 431.5968 -642.3216 21 3821 1137.7968 -542.1528 22 1074 -449.8128 642.48 27 1179 60.45456 593.9856 19 1256 294.288 546.8376 6 3623 575.2104 -551.2992 9 1408 -652.512 647.148 30 3867 151.27128 -619.4424 8 621 -623.4672 671.1888 15 1182 321.1464 484.9704
21.1321392962 -73.7789877516 -59.1469960537
153 161 172
5 24 4118 -324.48 -846.876 11 2598 972.3984 771.7488 18 3010 -516.6696 810.7488 9 4074 -774.8664 -797.2728 22 4259 -534.5856 -851.6208
2.65668010891 -86.7986667732 -4.08613839257
145 149 152
4 24 1128 250.4352 170.36184 11 3557 676.8864 -376.452 14 662 -21.67896 294.1632 22 1059 78.26712 153.4824
-35.721718738 -73.6580775354 -41.338308883
84 84 86
9 31 3868 -397.4664 527.2368 11 3051 -133.34928 334.704 16 2655 -342.1416 -420.1536 20 2961 -196.43496 -507.6768 21 3413 -327.5088 555.6432 0 3291 -773.0544 -348.2472 3 3175 16.765128 557.9256 1 2898 257.5608 -632.9424 9 2593 390.0072 -701.3664
18.4866472722 -73.7134533599 -57.8734192306
183 188 194
5 24 627 -267.3216 -834.2568 11 4070 920.6904 745.008 18 4393 -566.1216 780.132 9 981 -717.8808 -785.1072 1 855 -820.6296 -674.9184
-8.03143157134 -66.9036689231 -49.5778828275
232 232 230
2 31 780 109.31592 811.7688 6 494 -357.5328 856.86
36.1115306875 -77.8509844869 -54.2225767428
56 57 62
10 24 4650 -591.5136 -663.9312 4 197 305.6664 800.1696 18 229 -206.43744 728.4552 30 215 9.673704 828.8424 22 4671 -792.6432 -659.148 27 4601 -219.39216 -732.5208 19 4711 37.42584 -817.5576 6 213 590.9232 851.916 9 4548 -1017.0264 -609.2208 1 4598 -1090.9728 -501.0216
-91.0898096228 -59.9398800751 -43.4238301732
80 97 43
2 16 340 675.4152 -788.5128 3 4696 -1166.6688 610.5336
20.8136177098 -87.8023654547 19.8935247562
48 45 40
4 24 319 29.53632 708.972 4 4592 81.76392 -784.8312 6 4521 278.8896 -679.2144 27 324 416.3208 645.0288
-26.6143035403 -71.0312803306 -41.5459431707
29 37 13
3 31 2460 -247.26 569.22 11 1763 29.66856 376.9248 21 1493 -168.65424 598.3896
-37.0077061306 -73.8640653909 -4.86228427733
88 84 81
2 5 4683 171.19224 238.03752 23 4704 109.80744 77.4
-34.708257516 -82.3122262489 23.3727962121
67 77 43
3 24 2516 1082.4936 506.2128 33 1821 909.0456 847.5312 9 2412 653.64 521.9592
2.74570208418 -88.078038565 -7.19437281
97 105 90
4 31 2918 395.5968 -142.26576 14 1551 -62.67192 197.30376 22 1735 59.48736 101.36208 9 1971 -172.31088 133.21992
-8.31710640664 -83.4645217926 -15.5016238525
87 79 76
2 7 407 -780.4848 -214.63104 10 330 -982.596 -171.80352
64.8773468356 -80.7576500967 -57.318024924
155 144 148
3 19 3795 -543.6576 -724.5408 15 3879 -485.436 -817.7088 27 3679 -775.3848 -640.0824
-32.4112310538 -74.4564423195 -8.72051152865
94 94 82
2 7 2376 74.86248 -200.53032 33 2353 713.3376 -374.4456
68.9269938258 -109.263526387 28.1151847106
123 132 127
2 4 4041 1059.6624 -878.1816 30 3524 791.0064 -872.0016
-30.5712529118 -77.8210299266 2.26202758363
115 111 110
2 23 2221 -74.20464 390.6648 1 2500 374.2968 211.31448
13.3906116734 -88.5106373863 5.33309042183
64 63 68
2 6 4160 127.60464 -369.7632 8 378 68.04936 269.5464
-10.4568400693 -81.779821993 15.114388867
229 228 234
2 7 4653 -586.1136 838.788 3 778 594.1152 -538.1472
-21.5983185362 -68.6532346552 -43.6084402093
63 70 16
2 16 3166 -634.7544 -441.696 3 1328 294.6288 670.2864
-68.6803863051 -73.3721126108 -3.63249252073
139 148 153
5 13 3281 254.6616 337.7832 26 1370 -208.41984 -131.69256 12 3502 740.2896 -125.30088 29 3350 947.292 2.078004 10 3179 1178.8752 -187.0596
-71.6933940059 -68.0541099588 -45.8357377489
125 134 133
7 31 3377 -1062.1968 578.7192 13 1044 147.69792 -587.3544 16 1336 277.584 -681.1656 20 993 449.4672 -796.1976 21 3239 -1017.744 611.7912 26 3482 -295.2528 697.4856 3 3229 -703.4448 619.7832
-88.07764788 -74.1953206875 -14.9857070427
166 164 169
7 13 118 599.9832 18.370128 11 4647 -1066.8024 -224.1516 16 185 680.2728 -192.49296 20 171 881.424 -268.1832 0 173 343.668 -57.14928 26 4720 -564.2664 71.42472 3 4790 -955.4592 -17.858952
30.3520473719 -93.6329716734 6.28551921115
231 219 221
2 8 3211 -490.392 393.2736 25 3284 -308.58 589.2384
7.22866646187 -86.159527977 18.3900303411
82 94 54
4 9 1759 -144.35808 619.1952 21 3063 582.9456 -636.888 32 1351 -101.14896 871.74 1 1835 -250.4376 677.4072
-69.8299954913 -68.8434221882 -43.4522024408
218 218 226
8 31 724 -1026.5784 533.8464 13 4196 116.53776 -524.952 16 4193 257.328 -627.5184 20 4317 425.7792 -736.9344 21 891 -978.6168 566.748 0 4178 -106.58424 -546.8232 26 845 -255.552 649.4904 3 944 -660.816 573.4296
-2.35829053326 -74.6429576639 -39.1140875456
109 117 68
3 16 1983 -978.0168 -229.64952 20 1728 -783.0048 -318.9264 3 3796 682.968 564.7896
28.3201622642 -93.5540005993 11.7543289724
186 181 187
3 24 1999 -154.58136 574.1952 27 2031 218.81208 510.612 30 2749 -52.24368 -565.3008
23.5826002614 -91.487671647 5.15278333583
200 197 204
6 31 531 829.296 -390.3072 21 409 892.3056 -357.2376 25 4528 -83.84016 513.348 14 4564 -642.6696 806.0088 32 4530 -709.5192 452.0448 8 4603 -281.8704 321.1152
-59.9435603547 -75.8065220075 15.5197693018
133 142 139
2 12 3087 558.72 636.2808 29 3112 807.6912 725.2128
24.7837312362 -92.199569512 -4.23086302023
93 83 82
4 8 2663 -365.5464 17.581608 25 2817 -176.70864 196.94232 14 2829 -761.6352 502.9056 32 2609 -771.9096 147.27336
-45.502407993 -71.5856878058 -5.68400122125
172 173 177
3 7 2159 621.5064 -195.81768 12 2145 -107.30544 -74.61816 10 2152 351.4488 -141.74976
-9.75455127946 -83.0226618814 -0.708007339042
219 207 209
4 11 1449 431.796 -454.3464 21 1295 219.93 -241.5456 9 3502 82.86936 191.41272 1 3336 -31.78944 257.6232
12.9661757389 -94.3665103896 -2.85808022851
215 222 232
2 16 3945 -1005.3792 544.5672 3 1132 946.5888 -169.3668
-43.3514981737 -73.2707922107 7.89197442962
98 110 122
2 5 1736 507.204 667.8216 23 1536 451.3032 466.608
-28.9172113308 -85.7311352506 14.1906072693
129 117 117
4 7 104 62.13 642.3408 16 252 -189.126 629.1336 3 4753 218.7132 -528.5616 10 71 -160.11936 692.5128
28.7403321797 -76.0288137108 -56.0204690467
136 137 155
4 4 1998 147.71088 833.7 18 1853 -358.788 756.5904 22 3241 -663.0072 -739.2792 30 2014 -148.25856 860.7816
-52.800337118 -79.2101223823 -12.3847340635
152 148 149
3 12 3356 88.9848 -279.0192 29 3385 307.8408 -132.69144 10 3347 485.8824 -337.752
-3.64013322918 -97.4923751 36.5404181151
40 47 40
2 19 3390 1129.7232 751.7304 15 3529 1109.4192 673.3344
-16.0631510706 -86.9556512685 13.1678607694
198 210 226
7 7 174 -364.0944 704.8944 20 302 -290.6712 543.4896 0 179 -893.484 798.048 12 89 -970.2216 776.2728 26 4652 814.4688 -437.7768 3 4445 462.3864 -502.5792 10 105 -583.0032 720.5688
-44.5389083498 -72.6086803565 -38.2203506032
124 117 111
8 31 2671 -567.2208 460.272 24 2756 994.8624 -699.852 11 2721 -301.656 269.028 21 2681 -500.232 490.0104 22 2965 819.8304 -737.4576 6 2504 -1059.0816 535.7376 9 2878 573.6384 -690.2088 1 3111 441.2688 -626.4504
-103.366633095 -82.2581533041 -41.5034842186
218 211 193
2 16 2608 686.5368 -597.3456 3 3614 -1107.5256 389.6856
-25.3234286124 -83.9230118013 14.492148904
140 144 147
5 13 800 -573.9336 867.252 26 4129 650.1336 -470.4384 12 575 -681.0216 790.9896 20 1117 -133.55952 538.764 10 482 -279.7992 732.8136
-74.3817014212 -73.6968697234 -2.68063442364
101 87 86
8 13 629 376.8936 334.2048 16 971 542.7336 77.07024 20 820 696.2544 20.482776 29 322 1125.3552 -8.512944 21 3753 -1048.6128 -223.60032 12 380 935.4 -125.32848 26 3884 -317.6784 -154.43592 3 3675 -709.7232 -240.7728
-71.1350203066 -79.0693944487 24.9872304102
128 127 125
3 16 1924 613.6608 587.748 12 1021 965.2008 876.9168 3 3280 -602.0328 -790.1736
32.4580815625 -81.4195300425 -40.018067686
101 101 101
4 19 636 174.37008 -534.5112 15 649 237.60792 -595.3608 4 4054 250.5936 490.4736 30 4257 -42.48168 512.9304
-0.903628934134 -81.2398705829 -32.6169168409
78 98 70
14 31 2523 301.4808 369.9288 24 1557 202.3788 -380.4648 4 2723 -397.908 282.6216 18 3104 -844.9224 215.66376 28 1470 -381.3984 -521.2176 21 2385 373.9752 393.888 22 1572 17.000856 -393.972 27 1513 582.4752 -468.612 19 1443 840.9504 -542.1 6 2904 -156.66264 394.8216 14 969 -138.83784 -695.3592 30 2855 -665.1768 304.416 2 773 750.8688 -618.9912 9 1850 -219.87312 -351.3504
-16.9366428207 -90.9187908671 22.9997016379
151 141 142
3 31 212 34.51944 -729.6552 21 152 105.2088 -704.076 9 4503 296.4672 576.552
-0.434931102633 -85.2901318046 -17.50229357
31 37 23
4 2 1925 820.9296 -95.81928 8 2070 418.1616 -625.5864 14 1997 -38.73912 -165.41544 25 1975 625.2864 -434.1816
-37.2420315158 -75.5913113693 1.36667779135
101 96 92
4 7 4334 322.4328 153.29136 12 4264 -373.0944 262.74 10 4217 66.75096 199.71408 5 3954 213.91824 464.1768
2.23504519908 -86.3666341108 -15.4362900253
67 68 63
4 19 2824 840.6552 -181.88616 14 3199 -110.0664 -72.88608 25 3202 538.308 -337.5552 4 2710 -305.4528 -60.64128
12.7773380156 -83.9451982858 19.2121287517
51 58 24
2 24 3187 188.89512 664.2456 8 3943 200.0964 817.332
-54.4134611027 -79.2440601932 -9.95845620558
198 183 180
11 31 3156 -695.2872 -100.95504 11 2561 -447.1536 -297.5736 22 677 1087.6296 -228.65952 16 1802 138.74304 64.8 29 1090 375.5688 -67.79472 23 763 515.6616 -183.4056 21 2932 -635.76 -79.58184 3 2051 -296.5992 -82.2936 1 1705 742.3944 -124.82112 5 951 635.5392 -15.659184 9 1617 850.9416 -182.42544
-57.9840660843 -73.8904464514 -7.30073584513
85 78 72
2 13 4381 8.3634 300.6432 0 4167 -178.41984 218.6712
-7.39399960724 -72.5781787519 -51.4104100501
82 90 43
2 24 3766 263.8944 -812.676 6 920 -310.8264 823.6224
26.2893703408 -76.2265843708 -50.8007364198
44 68 72
7 24 1931 -386.5872 -651.4896 4 2263 102.30792 728.6688 18 2107 -406.0368 653.2464 27 1826 -13.495488 -727.4304 19 1772 253.2576 -812.628 15 1903 326.8512 -872.6928 30 2142 -196.69464 753.0336
17.4462230551 -89.3259571876 -11.165591606
45 37 24
2 8 3762 -169.0344 -269.7216 25 3552 34.06296 -89.47728
43.0228837468 -78.1033844845 -36.6364017429
33 41 18
2 18 4592 -69.76584 411.5328 15 273 63.30192 -521.5704
5.73711834201 -89.3505636307 17.3066585936
37 44 36
2 4 3475 -217.99728 -724.0224 27 2187 678.2304 518.292
-4.46721867664 -88.8434822621 2.09641159308
62 80 42
3 19 4705 1037.556 119.34432 25 4713 867.972 236.0736 30 204 -678.1536 -377.364
-32.0468514959 -85.1766885638 17.5532820291
113 114 80
2 7 1468 189.42936 750.7872 10 1417 -36.41352 786.1128
94.8969880196 -90.8668173529 -41.9024416456
127 136 145
3 19 3653 -1011.912 -240.468 18 1443 1079.556 531.4704 15 3685 -994.1784 -329.46
-21.8384054226 -89.6196801624 16.9597289093
63 64 58
2 33 4404 345.4488 637.3608 21 733 8.850576 -588.372
-120.162912447 -62.3381346915 -42.4651675886
59 72 42
2 16 3356 1107.6336 -838.0416 0 3727 858.456 -740.3016
22.8350111491 -88.8977369437 -10.0400957232
49 51 29
2 4 1544 102.996 -150.94656 18 1488 -386.7672 -209.1204
-48.555417538 -64.7404775965 -51.8862864612
92 84 82
3 31 289 -705.0072 775.3512 11 216 -424.2168 570.2976 21 190 -635.5248 809.3928
38.3925054383 -91.9806877919 -12.4819162375
68 54 43
2 19 2157 173.13312 52.96968 18 2154 -76.28736 -153.60408
23.4232051852 -90.0902948069 -10.0673544951
37 41 24
2 21 1670 873.8856 -54.2352 32 3054 -768.5232 -56.54328
22.6195922437 -90.9018597591 -8.57937886366
77 86 57
11 31 792 794.7144 -114.49776 25 4167 -127.6404 35.97696 28 4254 -961.992 446.9952 21 682 855.4944 -86.1144 22 3649 -301.9512 171.75912 6 1016 308.1336 -100.65648 14 4004 -727.6344 340.6248 1 3654 -604.3224 259.5696 32 4238 -729.036 -8.574288 8 4323 -323.6352 -144.24456 9 3613 -522.3744 197.26752
-16.6023101421 -88.2932432411 18.0212008307
131 58 75
2 7 3668 -319.5384 844.3056 10 3734 -532.2216 872.1912
-65.0843601319 -76.9659449211 -11.6426223036
140 128 128
4 31 3261 -894.0696 -73.48968 7 614 1150.488 -450.0984 10 890 918.1296 -399.1896 23 842 813.9816 -315.9648
39.8526548442 -102.511367481 25.2378527418
169 182 175
6 24 1336 -305.5656 845.3328 4 3720 491.832 -845.5872 27 1496 60.00792 780.1584 19 1349 293.1864 738.3336 15 1382 316.8072 672.7368 30 3912 207.87648 -822.7728
26.7054854166 -75.3675310287 -56.9214086753
206 209 218
5 4 1154 102.8004 852.396 11 981 1089.396 727.3128 9 4123 -865.0512 -718.3776 22 4236 -629.2992 -770.544 1 4160 -954.0312 -608.4552
11.1436888957 -85.4720605896 13.4179940614
56 52 27
